2892.67
2686.31
3576.71
3339.13
3131.56
2949.53
2786.67
2640.95
2515.15
2447.33
2620.15
3367.15
3513.1
4091.15
4185.3
3580.55
3527.2
3523.5
3695.95
3781.2
3878.5
4156.3
4507.45
3754.8
4448.75
4485.9
4807.85
5174.75
5246.95
5735.8
5711.4
5382.6
5778.15
5852.6
6195.25
6112.65
6502.95
6842.9
6735.9
6792.85
6717.95
6453.1
6274.7
6281.65
5591.65
5593.55
5398.2
5156.65
5087.2
5197.05
5194.25
5440.55
5139.15
4478.25
4035.35
4032.8
3913.7
3571.5
4163.45
4627.8
4499.6
4578.45
5042.55
5654.3
6160.6
6295.6
6782.8
7316.1
7914.2
7577.4
7555.05
7097.6
6759.45
7167.65
7816.25
7818.85
7359.25
7958.65
7287.55
6706.75
6598.45
6232.8
5960.9
5339.75
5502.55
6097.55
6195.1
6047.95
6085
6529.75
7201.8
7659.15
8191.55
8491.8
8495.45
9149.95
9826.6
9820.7
10366.2
10463.6
10514.9
10871
10591.4
11343
11333.1
10960.6
10341.5
9940.25
9361.3
8744.55
8133.8
7587.85
7714.8
7004.65
6437
6194.65
5563.05
5241.45
4915.85
5030.5
4967.65
4649.55
4559.75
3837.3
3461.35
3067.75
3048.3
2942.2
2905.5
3160.25
3483.55
4072.4
3760.85
3923.55
4531.75
4157.35
4100.2
4749.4
4580.6
4342.8
4543.5
4656.85
4731.25
5320.45
5085.35
5088.15
5018.15
5014.45
5051.9
5158.8
4833.45
4127.1
3714.75
3553.1
3536.25
3496
3472.35
2994.65
2948.1
3348.8
3135.85
3224.5
3384.5
3338.35
3401.65
3495.7
3712.45
3809.65
3753.2
3302.9
3240.95
3257.4
3268.7
3373.9
2815.35
3176.85
3215.45
2852.75
2928.4
2531.2
2519.75
2317.35
2287.45
1716.35
1614.45
1527.95
1445.9
1400.1
1397.6
1420.2
1665.15
1788.85
2147.2
2247.85
2340.7
2224.45
2215.9
2168.45
2100.2
2129.25
2401.85
2418.8
2335.15
2335.6
2322.5
2509.65
2446.3
2808.4
2826.65
2809.05
2657.6
2518.05
2149.35
1954.7
2328.75
2182.1
2211.5
2316.2
2721.25
2693.45
2416.15
2357.5
2258.5
2305.35
2309.4
2242.95
2184.8
1780.35
1840.35
2039.5
2506.55
2527.85
2607.3
2610.4
2236.95
2144.45
2243.5
2106.65
1951.5
2054.9
2045.85
2078.2
2052.2
2016.55
2124.1
2284.95
2525.05
2558.05
2511.85
2310.85
1789.6
2017.5
2005.3
2248.6
2044.35
2099.5
1955.35
2011.85
1762.3
1732
1756.25
1823.15
1824
2146.7
2038.8
1864.65
1607.6
1587.85
1595
1593.05
1985.65
1773.75
1764.25
1515.45
1546
1485.45
1480.25
1446.8
2069.6
2037.55
2140.2
2079.6
2194.65
1889.3
1922.65
2207.15
2286.95
2265.95
2273
2488.05
2054.7
2231.8
2175.45
2427.65
2644.4
2787.8
2780.3
2982.15
2346
2305
2185.15
2147.8
2079.15
2302.95
2268.05
1999.35
2567.7
3122.2
3155.8
2965.35
2990.6
2995.05
3000.55
2742.2
2605.05
2463.45
2497.6
2379.1
3146.8
3266.3
3538.25
4047.2
4001.85
3851
3851.35
3715.6
3378.7
3079.25
3001.45
2972.4
2993.55
3488.25
3484.75
3638.6
3531.15
3552.5
3715.45
3614.6
2854.25
2748.8
2659.35
2390.3
2390.9
2286.55
2743.3
2790.65
2547.95
2391.5
2420.75
2484.45
2623.05
1973.05
1970
2038.25
2117.8
2185.45
2008.2
2003.05
2594.25
2701.75
2694.85
2453.9
2452.45
2575.05
2140.9
2110.55
2076.05
2008
2028.75
1976.55
2018.2
2023
2094.7
2032.3
2413.4
2388.4
2386.65
2724.55
2124.5
2094.15
2076.8
2081.3
2109.5
2066.05
2115.7
2137.05
2142.7
2182.65
2130.5
2147.25
1922.1
1945.6
1927.15
1852.8
1383.25
1351
1554.15
1225.65
1307.55
1273.95
1159.56
1218.53
1255.88
1232.47
1212.07
1243.85
1279.75
1263.18
1386.4
1468.22
